16
36
56
76
96
116
136
156
176
196
216
236
256
276
296
316
336
356
376
396
412
428
444
460
476
492
508
524
544
560
584
604
620
636
652
668
684
700
716
732
748
764
780
796
808
820
832
844
856
868
888
908
924
940
952
968
980
1004
1024
1044
1064
1084
1104
1124
1144
1164
1184
1204
1224
1236
1256
1272
1288
1304
1320
1336
1352
1380
1396
1412
1432
1452
1472
1492
1516
1544
1572
1600
1628
1648
1672
1692
1716
1736
1760
1780
1804
1828
1848
1876
1896
1912
1928
1944
1960
1976
2000
2012
2024
2036
2056
2080
2096
2116
2132
2148
2164
2180
2196
2224
2252
2272
2296
2320
2340
2360
2384
2408
2432
2456
2480
2504
2528
2552
2576
2600
2624
2648
2672
2696
2720
2744
2768
2792
2816
2840
2864
2888
2912
2936
2960
2984
3008
3032
3056
3080
3104
3128
3152
3176
3200
3224
3248
3272
3296
3320
3344
3368
3392
3416
3440
3464
3488
3512
3536
3560
3584
3608
3632
3656
3680
3704
3728
3752
3776
3800
3824
3848
3872
3896
3920
3944
3968
3992
4016
4040
4064
4088
4112
4136
4160
4184
4208
4232
4256
4280
4304
4328
4352
4376
4400
4424
4448
4472
4496
4520
4544
4568
4592
4616
4640
4664
4688
4712
4736
4760
4776
4792
4808
4828
4852
4872
4892
4912
4924
4936
4952
4968
4984
5000
5020
5040
5056
5076
5092
5112
5132
5152
5172
5192
5212
5232
5252
5268
5284
5300
5316
5332
5348
5364
5380
5396
5412
5428
5448
5468
5488
5508
5528
5548
5568
5588
5608
5624
5648
5668
5688
5700
5724
5744
5764
5796
5820
5840
5860
5880
5904
5920
5940
5968
5984
6008
6020
6040
6060
6080
6104
6120
6136
6156
6172
6188
6204
6220
6236
6252
6268
6284
6300
6316
6332
6348
6364
6380
6396
6412
6428
6444
6460
6484
6508
6532
6556
6576
6604
6628
6652
6672
6696
6708
6724
6740
6756
6772
6788
6796
6812
6828
6844
6860
6872
6896
6912
6928
6944
6964
6980
7000
7024
7052
7076
7096
7112
7128
7144
7160
7176
7192
7208
7224
7240
7256
7272
7288
7304
7320
7336
7352
7368
7384
7400
7416
7432
7448
7464
7480
7496
7512
7528
7544
7560
7576
7592
7608
7624
7640
7656
7672
7688
7704
7720
7736
7752
7768
7784
7800
7816
7836
7856
7876
7900
7924
7948
7972
7996
8016
8040
8056
8068
8084
8108
8128
8144
8164
8188
8208
8228
8252
8268
8288
8308
8328
8348
8364
8380
8400
8420
8436
8448
8460
8476
8496
8520
8536
8556
8580
8592
8604
8616
8636
8656
8676
8700
8728
8744
8768
8788
8812
8828
8856
8888
8904
8920
8940
8968
8984
9004
9024
9044
9064
9084
9104
9124
9144
9156
9172
9196
9212
9232
9252
9268
9292
9320
9348
9372
9396
9416
9436
9456
9468
9480
9492
9504
9516
9528
9540
9552
9564
9576
9588
9600
9612
9624
9656
9672
9688
9708
9728
9752
9776
9800
9820
9844
9868
9892
9916
9940
9964
9988
10012
10036
10060
10084
10096
10112
10124
10140
10156
10180
10204
10228
10244
10260
10284
10308
10332
10352
10360
10376
10396
10420
10440
10464
10480
10500
10520
10536
10552
10572
10588
10604
10620
10636
10652
10668
10684
10700
10716
10736
10756
10780
10796
10820
10836
10852
10868
10884
10900
10916
10944
10972
11000
11028
11056
11084
11108
11136
11160
11184
11208
11232
11256
11280
11308
11336
11364
11392
11420
11448
11472
11496
11508
11520
11532
11548
11564
11580
11596
11612
11636
11648
11676
11708
11720
11744
11768
11784
11800
11816
11832
11848
11864
11900
11932
11956
11984
12012
12040
12064
12092
12120
12144
12172
12200
12228
12260
12288
12312
12328
12348
12364
12380
12400
12420
12440
12460
12480
12500
12516
12544
12568
12592
12616
12640
12664
12688
12712
12736
12752
12768
12788
12804
12828
12856
12884
12908
12932
12960
12988
13016
13044
13076
13108
13136
13160
13184
13208
13232
13256
13276
13300
13324
13340
13364
13388
13412
13436
13460
13484
13508
13532
13548
13564
13584
13604
13624
13644
13668
13692
13708
13732
13756
13788
13820
13840
13860
13876
13900
13920
13936
13960
13980
14004